0#
80 76 20 20
1
2
35
-1

1#
175 75 20 20
0
2
3
8
-1

2#
138 124 20 20
0
1
3
4
-1

3#
230 130 20 20
1
2
4
5
7
8
-1

4#
122 190 20 20
2
3
5
6
-1

5#
212 206 20 20
3
4
6
7
-1

6#
135 280 20 20
4
5
9
-1

7#
312 130 20 20
3
5
8
-1

8#
446 36 20 20
1
3
7
19
-1

9#
275 375 20 20
6
10
11
-1

10#
350 465 20 20
9
11
12
13
-1

11#
286 488 20 20
9
10
12
-1

12#
300 575 20 20
10
11
-1

13#
566 310 20 20
10
14
17
18
21
24
-1

14#
660 406 20 20
13
15
17
-1

15#
664 510 20 20
14
16
-1

16#
766 508 20 20
15
17
-1

17#
740 366 20 20
13
14
15
16
18
26
-1

18#
660 268 20 20
13
17
24
26
-1

19#
520 78 20 20
8
20
22
-1

20#
554 125 20 20
19
21
22
23
-1

21#
578 180 20 20
13
20
23
24
-1

22#
624 90 20 20
19
20
23
25
-1

23#
622 140 20 20
20
21
22
24
25
-1

24#
660 178 20 20
18
21
23
25
26
-1

25#
706 124 20 20
22
23
24
26
27
28
-1

26#
745 230 20 20
17
18
24
25
27
34
-1

27#
826 172 20 20
25
26
28
33
34
-1

28#
816 95 20 20
25
27
29
33
-1

29#
890 78 20 20
28
30
31
32
33
-1

30#
992 76 20 20
29
31
35
-1

31#
984 128 20 20
29
30
32
35
-1

32#
996 176 20 20
29
31
33
35
36
-1

33#
986 232 20 20
27
28
29
32
34
36
37
-1

34#
894 280 20 20
26
27
33
37
-1

35#
1104 78 20 20
0
30
31
32
36
-1

36#
1132 214 20 20
32
35
-1

37#
1010 320 20 20
33
34
38
-1

38#
1062 404 20 20
37
39
41
-1

39#
1180 434 20 20
38
40
41
-1

40#
1178 538 20 20
39
41
-1

41#
1082 548 20 20
38
39
40
-1